01234567890123456789012345678901234567890123456789012345678901234567890123456789
          1         2         3         4         5         6         7         
2                                                                              |
3                                                                              |
4                                                                              |
5                                                                              |
6                                                                              |
7                                                                              |
8                                                                              |
9                                                                              |
01-----------------------------------------------------------------------------|
1                                                                              |
2                                                                              |
3                                                                              |
4                                                                              |
5                                                                              |
6                                                                              |
7                                                                              |
8                                                                              |
9                                                                              |
02-----------------------------------------------------------------------------|
1                                                                              |
2                                                                              |
3                                                                              |
4                                                                              |
5                                                                              |
6                                                                              |
7                                                                              |
8                                                                              |
9                                                                              |
03-----------------------------------------------------------------------------|
1                                                                              |
2                                                                              |
3                                                                              |
4                                                                              |
5                                                                              |
6                                                                              |
7                                                                              |
8                                                                              |
9                                                                              |
04-----------------------------------------------------------------------------|
1                                                                              |
2                                                                              |
3                                                                              |
4                                                                              |
5                                                                              |
6                                                                              |
7                                                                              |
8                                                                              |
9                                                                              |
05-----------------------------------------------------------------------------|
1                                                                              |
2                                                                              |
3                                                                              |
4                                                                              |
5                                                                              |
6                                                                              |
7                                                                              |
8                                                                              |
9                                                                              |
06-----------------------------------------------------------------------------|
1                                                                              |
2                                                                              |
3                                                                              |
4                                                                              |
5                                                                              |
6                                                                              |
7                                                                              |
8                                                                              |
9                                                                              |
07-----------------------------------------------------------------------------|
1                                                                              |
2                                                                              |
3                                                                              |
4                                                                              |
5                                                                              |
6                                                                              |
7                                                                              |
8                                                                              |
9                                                                              |
08-----------------------------------------------------------------------------+
